  51      14.62   % This is annualized daily volatility as estimated via EWMA.
  52      14.24
  53      13.95
  54      13.77
  55      13.51
  56      13.38
  57      13.34
  58      13.02
  59      14.14
  60      13.87
  61      13.88
  62      13.55
  63      13.47
  64      13.19
  65      13.84
  66      13.94
  67      13.59
  68      13.83
  69      15.36
  70      15.14
  71      15.26
  72      15.12
  73      15.43
  74      16.25
  75      15.87
  76      15.58
  77      15.17
  78      14.87
  79      14.71
  80      14.50
  81      14.49
  82      14.11
  83      13.78
  84      13.73
  85      13.83
  86      13.66
  87      14.06
  88      13.69
  89      13.48
  90      13.48
  91      13.28
  92      12.98
  93      13.34
  94      13.07
  95      12.83
  96      12.55
  97      12.37
  98      12.31
  99      11.99
 100      11.68
 101      11.65
 102      11.57
 103      11.29
 104      14.49
 105      15.06
 106      15.02
 107      14.63
 108      14.28
 109      18.38
 110      18.05
 111      17.58
 112      17.31
 113      17.43
 114      17.21
 115      18.06
 116      18.23
 117      17.75
 118      18.29
 119      17.93
 120      21.30
 121      20.74
 122      20.55
 123      20.67
 124      20.43
 125      19.90
 126      22.15
 127      21.59
 128      21.40
 129      21.04
 130      20.75
 131      20.79
 132      20.38
 133      20.60
 134      20.09
 135      20.40
 136      19.94
 137      19.63
 138      19.22
 139      18.72
 140      18.25
 141      18.04
 142      17.77
 143      17.53
 144      17.91
 145      17.87
 146      17.40
 147      17.20
 148      16.74
 149      16.86
 150      17.86
 151      17.39
 152      17.05
 153      16.66
 154      16.23
 155      15.83
 156      15.46
 157      15.06
 158      14.68
 159      14.56
 160      14.22
 161      13.96
 162      13.75
 163      13.43
 164      13.19
 165      13.21
 166      12.92
 167      12.67
 168      12.36
 169      12.38
 170      12.06
 171      11.77
 172      11.49
 173      13.13
 174      13.34
 175      13.11
 176      12.78
 177      12.44
 178      13.90
 179      14.18
 180      13.89
 181      13.56
 182      13.88
 183      14.04
 184      13.76
 185      13.40
 186      13.05
 187      12.87
 188      12.73
 189      12.47
 190      12.22
 191      11.90
 192      11.59
 193      11.47
 194      11.25
 195      10.96
 196      10.88
 197      11.44
 198      11.15
 199      10.87
 200      10.76
 201      11.02
 202      11.44
 203      11.14
 204      12.00
 205      11.69
 206      13.85
 207      13.54
 208      13.36
 209      13.03
 210      12.88
 211      12.66
 212      13.39
 213      13.12
 214      13.36
 215      18.78
 216      18.84
 217      18.35
 218      17.88
 219      17.76
 220      17.37
 221      16.91
 222      16.52
 223      16.87
 224      16.44
 225      16.15
 226      16.34
 227      16.03
 228      16.44
 229      16.31
 230      15.88
 231      15.46
 232      15.21
 233      14.91
 234      14.69
 235      14.34
 236      14.18
 237      13.83
 238      13.68
 239      13.45
 240      13.56
 241      13.35
 242      13.40
 243      13.35
 244      13.77
 245      13.53
 246      14.81
 247      14.48
 248      14.11
 249      13.77
 250      15.29
 251      16.11
 252      18.11
 253      17.64
 254      17.26
 255      17.32
 256      17.02
 257      16.62
 258      16.66
 259      16.35
 260      15.92
 261      15.50
 262      15.10
 263      15.00
 264      14.80
 265      14.42
 266      14.07
 267      13.94
 268      13.66
 269      13.52
 270      13.42
 271      13.76
 272      13.68
 273      13.32
 274      13.46
 275      13.32
 276      12.97
 277      14.08
 278      13.79
 279      13.49
 280      13.16
 281      12.84
 282      12.52
 283      12.20
 284      12.52
 285      12.27
 286      12.05
 287      11.99
 288      13.17
 289      13.25
 290      13.55
 291      13.20
 292      12.86
 293      12.67
 294      12.62
 295      12.29
 296      12.45
 297      12.17
 298      11.87
 299      11.56
 300      11.26
 301      11.21
 302      11.07
 303      11.05
 304      10.78
 305      10.50
 306      10.40
 307      11.12
 308      10.88
 309      11.52
 310      11.36
 311      11.22
 312      11.24
 313      10.97
 314      10.99
 315      10.72
 316      10.88
 317      10.73
 318      10.47
 319      10.20
 320      10.17
 321       9.95
 322      14.05
 323      13.69
 324      13.51
 325      13.35
 326      13.45
 327      13.36
 328      13.92
 329      13.57
 330      14.31
 331      13.94
 332      13.60
 333      13.62
 334      14.56
 335      14.91
 336      15.59
 337      15.34
 338      15.11
 339      14.87
 340      14.72
 341      14.77
 342      14.38
 343      14.57
 344      14.20
 345      13.99
 346      14.26
 347      14.21
 348      13.88
 349      13.72
 350      13.45
 351      13.14
 352      13.22
 353      12.93
 354      12.59
 355      13.81
 356      14.02
 357      13.90
 358      14.28
 359      14.10
 360      14.58
 361      14.25
 362      14.12
 363      14.05
 364      15.10
 365      15.00
 366      15.08
 367      14.77
 368      14.84
 369      16.40
 370      16.06
 371      16.15
 372      15.94
 373      15.76
 374      15.38
 375      15.02
 376      14.63
 377      14.31
 378      13.94
 379      14.02
 380      13.91
 381      14.20
 382      13.97
 383      13.71
 384      13.36
 385      13.02
 386      12.68
 387      12.36
 388      12.55
 389      12.59
 390      12.33
 391      12.09
 392      11.79
 393      11.48
 394      11.20
 395      11.29
 396      11.02
 397      10.73
 398      11.17
 399      11.29
 400      11.08
 401      10.80
 402      10.53
 403      10.40
 404      10.95
 405      11.16
 406      11.04
 407      10.90
 408      11.09
 409      10.85
 410      11.33
 411      11.04
 412      10.88
 413      10.85
 414      10.80
 415      10.66
 416      10.44
 417      13.21
 418      14.37
 419      14.00
 420      13.63
 421      13.51
 422      13.27
 423      12.92
 424      13.01
 425      12.70
 426      13.05
 427      13.19
 428      12.96
 429      12.66
 430      12.38
 431      12.33
 432      12.07
 433      12.01
 434      12.27
 435      12.06
 436      11.77
 437      11.47
 438      11.19
 439      11.47
 440      11.17
 441      10.88
 442      10.87
 443      11.14
 444      10.99
 445      10.82
 446      10.64
 447      11.01
 448      11.39
 449      11.41
 450      11.60
 451      11.50
 452      11.22
 453      10.93
 454      10.72
 455      10.90
 456      10.72
 457      10.95
 458      10.82
 459      10.59
 460      10.70
 461      10.43
 462      10.68
 463      10.43
 464      13.70
 465      13.34
 466      13.87
 467      14.36
 468      14.31
 469      13.96
 470      13.64
 471      13.28
 472      13.17
 473      15.09
 474      14.71
 475      14.32
 476      14.23
 477      13.85
 478      13.54
 479      13.19
 480      13.22
 481      12.99
 482      12.71
 483      12.38
 484      12.51
 485      12.23
 486      12.09
 487      13.13
 488      12.81
 489      12.48
 490      13.32
 491      13.65
 492      13.29
 493      14.83
 494      14.54
 495      17.58
 496      17.12
 497      16.89
 498      16.46
 499      16.23
 500      16.95
 501      16.64
 502      16.76
 503      16.63
 504      17.00
 505      16.58
 506      16.15
 507      16.53
 508      16.14
 509      16.10
 510      15.92
 511      17.05
 512      16.73
 513      16.33
 514      15.91
 515      15.52
 516      15.30
 517      15.07
 518      15.05
 519      16.66
 520      16.23
 521      16.04
 522      15.75
 523      15.92
 524      17.03
 525      18.54
 526      18.05
 527      17.67
 528      17.22
 529      17.06
 530      17.15
 531      17.52
 532      17.09
 533      16.69
 534      19.41
 535      18.90
 536      18.40
 537      18.73
 538      18.29
 539      18.59
 540      18.11
 541      17.74
 542      17.28
 543      16.90
 544      16.71
 545      16.72
 546      19.22
 547      18.71
 548      18.82
 549      18.43
 550      18.81
 551      18.33
 552      17.99
 553      17.53
 554      17.38
 555      16.99
 556      16.95
 557      16.83
 558      16.42
 559      16.04
 560      15.65
 561      15.26
 562      15.99
 563      16.51
 564      16.08
 565      15.65
 566      15.26
 567      14.86
 568      14.62
 569      14.40
 570      14.24
 571      13.87
 572      13.66
 573      13.31
 574      13.64
 575      13.63
 576      14.05
 577      13.79
 578      13.56
 579      13.35
 580      13.00
 581      12.79
 582      12.53
 583      12.51
 584      12.22
 585      12.39
 586      12.57
 587      12.42
 588      12.51
 589      12.21
 590      11.99
 591      12.00
 592      11.76
 593      11.49
 594      11.20
 595      10.90
 596      11.89
 597      11.58
 598      11.28
 599      11.01
 600      11.78
 601      11.62
 602      11.34
 603      11.04
 604      10.80
 605      10.55
 606      10.60
 607      10.54
 608      10.39
 609      10.20
 610      10.10
 611      10.53
 612      10.26
 613       9.99
 614       9.88
 615       9.67
 616      10.05
 617       9.83
 618       9.73
 619       9.54
 620       9.30
 621       9.99
 622       9.92
 623      11.22
 624      11.12
 625      10.83
 626      10.94
 627      10.82
 628      10.82
 629      10.56
 630      10.90
 631      10.61
 632      10.35
 633      10.39
 634      10.69
 635      10.81
 636      11.04
 637      10.80
 638      11.59
 639      12.39
 640      12.15
 641      11.90
 642      11.70
 643      11.66
 644      11.35
 645      11.69
 646      12.12
 647      12.14
 648      11.87
 649      19.01
 650      18.52
 651      18.68
 652      19.48
 653      19.18
 654      18.86
 655      19.15
 656      19.00
 657      18.52
 658      18.17
 659      17.69
 660      17.22
 661      16.86
 662      16.42
 663      16.00
 664      15.66
 665      15.51
 666      15.13
 667      15.09
 668      14.69
 669      14.31
 670      13.94
 671      14.02
 672      13.84
 673      13.76
 674      13.80
 675      14.49
 676      14.18
 677      13.98
 678      13.64
 679      14.07
 680      13.84
 681      14.13
 682      13.82
 683      13.57
 684      13.35
 685      13.18
 686      12.98
 687      12.66
 688      13.68
 689      14.07
 690      14.21
 691      13.92
 692      14.31
 693      14.03
 694      13.87
 695      13.70
 696      14.05
 697      14.51
 698      17.71
 699      17.26
 700      17.07
 701      16.66
 702      16.28
 703      15.92
 704      15.69
 705      15.44
 706      16.76
 707      16.45
 708      16.46
 709      16.09
 710      15.95
 711      16.43
 712      16.11
 713      15.70
 714      17.56
 715      17.94
 716      17.70
 717      17.36
 718      17.50
 719      17.08
 720      16.67
 721      16.24
 722      16.28
 723      16.08
 724      15.74
 725      15.33
 726      14.95
 727      14.83
 728      14.46
 729      14.56
 730      14.76
 731      14.80
 732      14.46
 733      20.64
 734      21.36
 735      22.01
 736      21.63
 737      21.18
 738      20.72
 739      21.77
 740      21.24
 741      23.31
 742      22.80
 743      24.57
 744      23.95
 745      23.41
 746      25.28
 747      26.10
 748      27.26
 749      26.56
 750      26.32
 751      25.82
 752      25.23
 753      24.57
 754      23.93
 755      23.40
 756      22.83
 757      24.34
 758      23.78
 759      23.44
 760      23.60
 761      22.98
 762      23.43
 763      22.86
 764      22.28
 765      21.92
 766      23.08
 767      22.47
 768      22.10
 769      21.88
 770      22.66
 771      22.33
 772      21.97
 773      24.50
 774      23.91
 775      23.29
 776      24.37
 777      26.07
 778      25.57
 779      25.15
 780      24.72
 781      24.07
 782      23.53
 783      22.97
 784      23.45
 785      23.17
 786      22.59
 787      23.38
 788      23.61
 789      23.07
 790      22.76
 791      22.22
 792      21.65
 793      21.42
 794      20.86
 795      20.42
 796      19.95
 797      19.51
 798      19.08
 799      19.15
 800      18.75
 801      18.66
 802      18.19
 803      17.73
 804      17.33
 805      17.31
 806      17.10
 807      18.73
 808      19.53
 809      19.02
 810      18.91
 811      18.81
 812      18.37
 813      18.04
 814      17.85
 815      19.51
 816      19.19
 817      18.82
 818      18.34
 819      18.21
 820      17.92
 821      18.85
 822      18.53
 823      18.46
 824      18.00
 825      18.36
 826      18.87
 827      18.43
 828      18.24
 829      17.81
 830      17.40
 831      17.12
 832      16.67
 833      16.40
 834      15.97
 835      15.89
 836      15.48
 837      15.21
 838      16.02
 839      15.64
 840      15.36
 841      15.05
 842      14.85
 843      15.56
 844      17.61
 845      17.18
 846      16.84
 847      16.48
 848      16.13
 849      15.84
 850      15.43
 851      15.03
 852      14.64
 853      14.54
 854      14.98
 855      14.62
 856      14.23
 857      13.86
 858      13.50
 859      13.15
 860      12.82
 861      12.87
 862      12.53
 863      12.45
 864      12.17
 865      12.15
 866      11.84
 867      12.40
 868      12.14
 869      12.54
 870      12.21
 871      12.31
 872      12.05
 873      11.73
 874      11.43
 875      11.25
 876      11.42
 877      11.12
 878      11.72
 879      11.53
 880      11.80
 881      11.97
 882      11.95
 883      11.73
 884      12.08
 885      11.88
 886      11.89
 887      11.61
 888      11.70
 889      11.50
 890      11.21
 891      10.99
 892      11.34
 893      11.05
 894      10.77
 895      10.87
 896      11.86
 897      11.95
 898      18.75
 899      18.48
 900      18.00
 901      24.13
 902      24.07
 903      23.80
 904      23.17
 905      22.97
 906      23.11
 907      24.25
 908      24.31
 909      24.44
 910      23.81
 911      23.22
 912      22.68
 913      22.44
 914      23.18
 915      23.91
 916      26.12
 917      30.66
 918      29.85
 919      35.27
 920      36.29
 921      35.35
 922      34.43
 923      36.81
 924      36.30
 925      35.45
 926      35.13
 927      34.60
 928      34.49
 929      33.68
 930      32.80
 931      31.95
 932      31.17
 933      31.18
 934      30.37
 935      30.81
 936      30.21
 937      29.59
 938      28.89
 939      28.21
 940      27.58
 941      27.03
 942      26.38
 943      26.58
 944      25.92
 945      26.76
 946      26.44
 947      26.24
 948      26.26
 949      25.85
 950      25.41
 951      24.74
 952      24.10
 953      23.90
 954      24.03
 955      23.81
 956      24.09
 957      23.47
 958      23.02
 959      25.47
 960      24.80
 961      25.34
 962      24.68
 963      24.61
 964      23.96
 965      23.44
 966      25.38
 967      25.60
 968      25.18
 969      25.01
 970      24.39
 971      26.08
 972      25.46
 973      25.00
 974      26.24
 975      26.24
 976      28.66
 977      28.22
 978      27.71
 979      27.05
 980      26.44
 981      25.83
 982      26.16
 983      25.63
 984      24.95
 985      24.37
 986      23.75
 987      25.34
 988      25.21
 989      24.63
 990      25.77
 991      27.11
 992      26.83
 993      26.13
 994      26.24
 995      26.84
 996      30.74
 997      29.95
 998      29.67
 999      29.06
1000      28.29
1001      27.60
1002      29.37
1003      28.86
1004      28.22
1005      27.55
1006      27.25
1007      26.54
1008      25.94
1009      25.45
1010      24.96
1011      24.98
1012      25.40
1013      25.20
1014      25.63
1015      25.05
1016      29.51
1017      29.59
1018      29.33
1019      32.37
1020      31.85
1021      33.27
1022      34.62
1023      36.25
1024      35.92
1025      35.91
1026      35.20
1027      35.03
1028      35.05
1029      39.01
1030      38.49
1031      37.49
1032      36.83
1033      36.18
1034      35.38
1035      34.47
1036      34.19
1037      33.30
1038      32.61
1039      31.81
1040      30.97
1041      30.16
1042      29.80
1043      29.05
1044      28.37
1045      27.64
1046      27.83
1047      27.58
1048      27.59
1049      26.89
1050      26.19
1051      27.23
1052      27.65
1053      26.94
1054      26.25
1055      25.56
1056      24.91
1057      24.32
1058      23.68
1059      23.67
1060      23.05
1061      22.58
1062      22.09
1063      21.57
1064      21.02
1065      20.50
1066      20.00
1067      19.47
1068      19.37
1069      19.06
1070      18.58
1071      18.55
1072      18.70
1073      18.66
1074      18.54
1075      18.06
1076      18.15
1077      17.79
1078      17.51
1079      17.16
1080      17.06
1081      16.71
1082      16.45
1083      16.02
1084      15.90
1085      15.50
1086      15.14
1087      15.14
1088      14.85
1089      14.54
1090      14.47
1091      14.68
1092      14.31
1093      13.94
1094      13.71
1095      13.35
1096      14.23
1097      14.64
1098      14.68
1099      14.87
1100      14.95
1101      14.56
1102      14.19
1103      14.16
1104      13.86
1105      13.51
1106      13.16
1107      13.03
1108      12.82
1109      12.51
1110      12.82
1111      12.51
1112      12.52
1113      12.21
1114      12.54
1115      13.40
1116      13.05
1117      12.72
1118      12.69
1119      12.59
1120      12.28
1121      12.01
1122      12.45
1123      12.28
1124      12.06
1125      11.86
1126      11.63
1127      11.60
1128      14.77
1129      14.54
1130      16.44
1131      17.15
1132      17.43
1133      16.97
1134      16.82
1135      16.90
1136      17.02
1137      16.72
1138      16.34
1139      16.42
1140      15.99
1141      15.57
1142      15.18
1143      14.82
1144      14.49
1145      14.26
1146      13.89
1147      13.54
1148      14.92
1149      14.76
1150      14.58
1151      14.48
1152      14.97
1153      19.24
1154      19.38
1155      18.96
1156      18.46
1157      17.98
1158      18.02
1159      17.55
1160      19.47
1161      19.00
1162      19.09
1163      18.59
1164      18.11
1165      17.65
1166      17.50
1167      17.63
1168      17.18
1169      16.76
1170      16.37
1171      16.11
1172      15.70
1173      15.47
1174      15.12
1175      14.80
1176      14.46
1177      14.29
1178      14.71
1179      14.39
1180      14.40
1181      16.65
1182      16.32
1183      18.07
1184      17.79
1185      17.44
1186      17.56
1187      17.12
1188      17.57
1189      17.43
1190      17.00
1191      16.56
1192      16.21
1193      15.81
1194      22.15
1195      21.64
1196      21.35
1197      20.81
1198      20.53
1199      20.24
1200      19.71
1201      19.23
1202      20.02
1203      19.70
1204      19.35
1205      18.99
1206      18.49
1207      18.00
1208      17.55
1209      17.17
1210      16.72
1211      16.46
1212      16.07
1213      15.67
1214      15.34
1215      14.95
1216      17.06
1217      17.74
1218      17.34
1219      16.90
1220      16.48
1221      16.05
1222      17.62
1223      17.17
1224      17.18
1225      17.07
1226      17.59
1227      17.20
1228      17.99
1229      18.07
1230      17.73
1231      17.27
1232      17.58
1233      17.13
1234      16.71
1235      16.29
1236      16.10
1237      15.85
1238      16.52
1239      16.09
1240      15.69
1241      15.39
1242      14.99
1243      14.74
1244      14.39
1245      14.28
1246      16.06
1247      16.89
1248      18.21
1249      17.77
1250      17.34
1251      17.15
1252      16.70
1253      16.27
1254      16.01
1255      15.61
1256      15.19
1257      14.90
1258      14.51
