  -5.00000     0.00000
  -4.75000     0.00000
  -4.50000     0.00010
  -4.25000     0.00000
  -4.00000     0.00000
  -3.75000     0.00021
  -3.50000     0.00237
  -3.25000     0.00381
  -3.00000     0.00608
  -2.75000     0.01504
  -2.50000     0.03101
  -2.25000     0.05367
  -2.00000     0.11784
  -1.75000     0.17522
  -1.50000     0.25289
  -1.25000     0.40380
  -1.00000     0.52133
  -0.75000     0.66008
  -0.50000     0.88289
  -0.25000     0.91709
   0.00000     0.96633
   0.25000     1.03998
   0.50000     0.90061
   0.75000     0.80327
   1.00000     0.71612
   1.25000     0.50485
   1.50000     0.37475
   1.75000     0.28204
   2.00000     0.16317
   2.25000     0.10383
   2.50000     0.06840
   2.75000     0.03204
   3.00000     0.01555
   3.25000     0.00680
   3.50000     0.00350
   3.75000     0.00103
   4.00000     0.00072
   4.25000     0.00010
   4.50000     0.00000
   4.75000     0.00000
   5.00000     0.00000
