  51  -0.540
  52  -0.943
  53   1.381
  54   2.317
  55  -0.829
  56   0.764
  57  -2.157
  58  -0.588
  59  -1.588
  60   0.931
  61  -0.394
  62  -0.471
  63   1.120
  64  -0.817
  65   0.615
  66   1.511
  67   1.707
  68   0.680
  69  -0.000
  70  -0.668
  71  -0.033
  72  -1.248
  73  -1.428
  74   0.137
  75  -0.945
  76  -0.847
  77  -1.100
  78   1.358
  79  -0.635
  80  -0.126
  81  -1.291
  82   0.366
  83   0.806
  84  -0.051
  85  -1.187
  86   0.427
  87   1.329
  88  -0.200
  89  -1.645
  90  -0.629
  91  -1.550
  92  -1.155
  93   1.193
  94   0.155
  95  -1.225
  96   1.457
  97  -0.613
  98   1.008
  99  -0.250
 100  -0.764
 101  -0.443
 102  -0.860
 103  -0.169
 104  -0.155
 105   2.832
 106   0.088
 107   0.452
 108   1.692
 109   0.324
 110  -0.029
 111   0.651
 112  -0.190
 113   0.093
 114   1.632
 115   0.410
 116   0.100
 117  -0.419
 118  -1.277
 119   2.183
 120   0.536
 121  -1.345
 122   1.172
 123   0.940
 124  -0.097
 125  -1.580
 126  -0.153
 127   2.001
 128   1.169
 129   0.819
 130  -0.232
 131   0.326
 132  -0.197
 133  -0.214
 134   0.778
 135  -0.183
 136   3.529
 137   0.263
 138  -0.327
 139   0.955
 140  -0.294
 141  -0.298
 142  -0.727
 143  -0.164
 144  -2.133
 145   0.788
 146   0.102
 147  -1.608
 148  -0.900
 149   0.389
 150   1.117
 151  -0.037
 152  -2.279
 153  -0.563
 154   0.044
 155  -0.916
 156  -0.710
 157  -1.579
 158   0.791
 159   0.039
 160  -1.405
 161  -0.002
 162  -1.702
 163  -0.510
 164   1.103
 165  -1.193
 166   0.079
 167   0.455
 168   0.457
 169  -1.046
 170  -1.910
 171  -0.980
 172  -0.414
 173   1.902
 174   0.044
 175  -1.076
 176  -2.021
 177   1.092
 178  -0.851
 179   1.521
 180  -0.008
 181  -0.119
 182   0.710
 183   0.490
 184  -0.950
 185   0.272
 186   0.564
 187   0.297
 188   1.211
 189   0.313
 190   0.418
 191  -1.205
 192  -0.083
 193  -0.375
 194   0.158
 195  -0.065
 196  -0.646
 197  -0.899
 198   1.669
 199  -0.609
 200  -1.244
 201  -2.204
 202  -0.460
 203  -0.741
 204  -1.044
 205  -0.297
 206  -0.041
 207  -0.992
 208   0.734
 209   0.422
 210  -0.651
 211  -0.777
 212   0.120
 213   0.860
 214  -1.109
 215  -0.395
 216  -1.091
 217   0.427
 218   0.379
 219  -0.108
 220  -1.473
 221   1.941
 222   1.543
 223  -1.521
 224   0.834
 225   0.708
 226  -0.328
 227   0.232
 228  -0.066
 229  -0.187
 230  -0.298
 231  -0.284
 232  -0.309
 233   0.978
 234  -0.865
 235   0.793
 236   0.304
 237   0.931
 238   1.053
 239  -0.107
 240   1.598
 241   0.302
 242   0.343
 243   0.875
 244  -0.638
 245  -0.623
 246  -0.617
 247   0.935
 248   0.825
 249   0.968
 250  -0.502
 251   0.135
 252   0.676
 253  -1.153
 254   0.265
 255   0.188
 256   0.470
 257   0.651
 258   1.463
 259   0.871
 260  -0.151
 261   0.633
 262   1.817
 263   0.991
 264  -0.204
 265  -0.384
 266  -0.475
 267  -1.934
 268   0.733
 269  -0.573
 270  -0.793
 271  -1.140
 272  -0.285
 273   0.020
 274   0.086
 275  -0.448
 276   1.190
 277  -0.752
 278  -0.686
 279  -0.448
 280  -1.406
 281   1.732
 282  -0.556
 283   0.201
 284   0.392
 285   0.766
 286  -1.236
 287   1.393
 288  -0.154
 289  -0.073
 290   0.362
 291  -0.142
 292   0.919
 293   0.072
 294  -0.893
 295   0.695
 296   2.031
 297   0.552
 298  -2.034
 299  -0.763
 300  -0.646
 301  -0.266
 302  -0.248
 303  -0.450
 304  -0.006
 305  -0.233
 306   0.686
 307  -0.795
 308   0.826
 309   0.938
 310  -0.031
 311  -0.598
 312  -0.928
 313   0.141
 314   0.891
 315   0.186
 316   0.873
 317   2.165
 318  -1.444
 319   0.612
 320  -0.203
 321  -0.879
 322   0.200
 323  -0.774
 324  -0.909
 325  -0.687
 326  -0.363
 327  -1.188
 328  -0.646
 329   1.298
 330  -0.532
 331   0.852
 332   1.153
 333   0.196
 334   1.289
 335  -2.429
 336   0.749
 337   0.318
 338  -0.386
 339  -0.914
 340  -0.837
 341   2.208
 342   0.348
 343   0.696
 344  -0.692
 345   0.414
 346  -0.457
 347  -0.971
 348   0.303
 349   0.195
 350   0.781
 351  -1.913
 352  -1.047
 353   0.248
 354  -0.508
 355   0.312
 356   0.862
 357   0.604
 358   0.928
 359   0.547
 360   0.459
 361  -0.648
 362  -0.821
 363  -0.292
 364  -1.366
 365  -0.122
 366  -1.135
 367  -0.442
 368   1.173
 369  -2.020
 370   1.592
 371   0.939
 372   1.748
 373   0.343
 374  -1.143
 375  -0.827
 376   0.625
 377   2.942
 378   1.227
 379   1.082
 380   0.370
 381   0.866
 382   1.183
 383   0.441
 384   1.625
 385  -1.453
 386   0.880
 387   0.679
 388  -1.823
 389  -0.993
 390  -0.985
 391   0.917
 392  -1.081
 393   0.284
 394  -0.406
 395   0.021
 396  -1.393
 397   0.685
 398   0.795
 399   0.646
 400  -0.374
 401   1.404
 402   0.826
 403  -0.173
 404   1.393
 405  -1.114
 406  -0.431
 407   1.304
 408   1.122
 409  -0.185
 410  -0.805
 411  -0.373
 412  -0.797
 413  -0.056
 414   1.473
 415   0.492
 416   0.369
 417   0.463
 418   0.665
 419   1.340
 420  -0.814
 421  -0.175
 422  -2.269
 423   0.690
 424   2.078
 425  -0.228
 426   0.243
 427  -1.148
 428  -0.546
 429  -1.534
 430  -0.476
 431  -1.482
 432   0.365
 433   0.192
 434   0.889
 435   0.159
 436   0.291
 437  -0.582
 438   1.081
 439   0.263
 440  -0.020
 441   1.049
 442  -0.240
 443  -0.100
 444  -0.213
 445   0.451
 446   0.644
 447   0.779
 448   0.403
 449  -1.393
 450   1.093
 451  -0.991
 452  -0.331
 453  -0.292
 454  -1.483
 455   0.269
 456   0.730
 457  -0.611
 458  -0.291
 459  -1.759
 460   0.864
 461   0.327
 462   0.758
 463   0.104
 464   0.035
 465   0.923
 466   1.283
 467   0.186
 468  -3.152
 469  -0.808
 470   1.013
 471   1.288
 472   0.055
 473  -0.339
 474   0.500
 475  -0.202
 476   0.530
 477   0.915
 478  -0.711
 479   0.736
 480   0.532
 481   0.397
 482   1.909
 483   0.907
 484  -0.377
 485   0.095
 486   0.698
 487  -0.813
 488  -0.030
 489  -0.765
 490  -0.447
 491  -0.937
 492   1.194
 493   1.011
 494   1.914
 495   0.106
 496   1.031
 497   1.332
 498   0.291
 499  -0.975
 500   1.525
 501   1.228
 502  -0.393
 503   0.583
 504  -0.423
 505   2.044
 506   0.258
 507   0.760
 508  -1.027
 509   0.874
 510  -0.321
 511  -1.481
 512   0.821
 513   0.225
 514  -0.289
 515  -0.803
 516  -1.229
 517  -0.967
 518  -0.327
 519   0.286
 520   1.341
 521   0.383
 522   0.614
 523   1.032
 524  -0.992
 525  -0.514
 526  -0.544
 527   0.220
 528  -0.204
 529  -0.890
 530  -0.451
 531  -0.134
 532   0.400
 533   0.445
 534  -0.551
 535   0.653
 536  -1.122
 537  -0.114
 538  -0.059
 539  -0.331
 540   1.452
 541  -1.333
 542   0.254
 543   2.249
 544   0.976
 545  -0.025
 546   1.632
 547   2.223
 548   0.578
 549   1.062
 550  -0.280
 551   2.544
 552  -0.655
 553  -0.645
 554  -2.285
 555  -0.290
 556   1.318
 557  -1.221
 558  -1.080
 559   0.002
 560   0.209
 561   0.083
 562  -1.073
 563  -1.483
 564   0.335
 565  -0.218
 566   0.278
 567   0.046
 568   1.215
 569  -0.231
 570   0.743
 571  -0.069
 572   0.053
 573  -0.282
 574  -1.196
 575  -0.534
 576   0.851
 577  -0.390
 578  -2.048
 579  -0.277
 580   0.519
 581   1.063
 582  -0.356
 583  -0.848
 584   0.027
 585   1.279
 586   1.193
 587  -1.003
 588   1.098
 589  -0.158
 590   1.431
 591  -1.837
 592  -0.214
 593   0.539
 594   1.026
 595   0.195
 596  -0.014
 597  -0.005
 598  -0.543
 599  -0.784
 600  -0.777
 601   0.886
 602   0.080
 603   0.039
 604   0.058
 605  -0.287
 606   0.553
 607  -0.441
 608   0.498
 609  -0.141
 610  -0.139
 611   1.944
 612  -0.722
 613   0.152
 614  -0.442
 615   0.360
 616  -0.588
 617  -0.294
 618   0.227
 619  -0.021
 620   0.092
 621   1.081
 622   2.274
 623  -0.148
 624  -0.802
 625  -0.800
 626   0.174
 627  -0.115
 628   0.279
 629   1.616
 630   0.648
 631  -0.441
 632  -0.762
 633   1.337
 634   1.939
 635   0.807
 636  -0.478
 637  -0.666
 638  -1.179
 639  -1.192
 640  -2.111
 641   0.133
 642   0.369
 643  -0.738
 644   0.102
 645   0.070
 646   0.177
 647   0.890
 648   0.402
 649  -2.400
 650  -0.099
 651  -0.548
 652   0.284
 653   0.628
 654  -0.300
 655  -0.864
 656   0.175
 657   0.310
 658   0.184
 659  -0.824
 660   0.403
 661  -0.384
 662   0.811
 663   1.421
 664   2.055
 665  -0.795
 666  -0.553
 667   1.126
 668   0.227
 669  -0.194
 670  -0.754
 671   0.310
 672   0.135
 673  -2.282
 674   1.474
 675  -0.186
 676   1.407
 677   1.230
 678  -0.569
 679   1.644
 680   2.070
 681  -1.879
 682  -0.979
 683   0.031
 684  -0.993
 685  -0.497
 686  -1.150
 687   0.103
 688   0.683
 689  -0.014
 690  -0.260
 691   0.475
 692   0.645
 693  -1.057
 694  -1.647
 695   0.197
 696   1.184
 697   0.102
 698   0.983
 699   0.260
 700   2.028
 701   0.359
 702   0.732
 703   0.475
 704   0.688
 705  -0.088
 706   0.051
 707  -0.902
 708   0.115
 709   0.309
 710   0.799
 711   1.616
 712   0.945
 713  -1.728
 714   1.717
 715  -0.122
 716   1.151
 717  -0.420
 718   0.266
 719  -1.301
 720   0.169
 721  -0.599
 722  -1.211
 723  -2.244
 724   0.608
 725   0.561
 726   0.212
 727  -0.304
 728   0.405
 729   1.218
 730   0.973
 731   0.101
 732  -0.978
 733   1.699
 734   1.589
 735   0.748
 736  -0.073
 737   0.497
 738   0.165
 739  -0.712
 740   0.321
 741  -1.799
 742  -0.616
 743   1.101
 744  -0.564
 745   0.419
 746   2.470
 747   0.135
 748  -0.004
 749   0.256
 750   1.510
 751  -0.998
 752   0.015
 753  -0.923
 754   0.507
 755  -0.455
 756   1.001
 757  -0.310
 758  -0.189
 759  -0.734
 760   0.869
 761   1.605
 762  -0.280
 763   0.013
 764   0.679
 765  -0.557
 766  -1.957
 767   1.257
 768  -0.495
 769  -0.627
 770  -0.588
 771   1.435
 772   1.438
 773  -0.920
 774  -0.071
 775  -1.695
 776   0.089
 777   0.687
 778  -1.266
 779  -0.549
 780  -0.382
 781   0.203
 782   0.137
 783  -0.312
 784  -0.584
 785   0.422
 786  -0.562
 787  -0.348
 788  -0.726
 789   0.649
 790   2.093
 791  -0.330
 792  -0.479
 793  -0.247
 794  -0.483
 795   0.810
 796  -0.396
 797   0.572
 798   0.819
 799  -0.454
 800   0.928
 801   1.053
 802   1.115
 803  -0.214
 804  -0.484
 805  -0.054
 806  -1.553
 807   1.829
 808   0.057
 809   0.833
 810   0.215
 811  -1.214
 812  -0.187
 813  -0.035
 814   0.370
 815  -0.245
 816   0.039
 817  -0.429
 818   1.172
 819  -0.408
 820  -1.227
 821  -0.584
 822  -0.836
 823  -0.989
 824  -0.581
 825   0.692
 826   0.927
 827  -0.909
 828   0.404
 829   0.136
 830  -0.746
 831  -1.461
 832   3.348
 833  -1.083
 834  -0.377
 835   0.753
 836   0.527
 837   1.975
 838  -0.280
 839  -0.922
 840  -0.223
 841   0.907
 842   0.248
 843  -0.894
 844   0.227
 845   1.051
 846   1.874
 847  -0.234
 848   0.136
 849   0.015
 850   0.913
 851   0.652
 852   0.644
 853   0.843
 854  -0.635
 855  -0.663
 856   1.064
 857  -1.396
 858  -0.902
 859  -0.096
 860  -0.250
 861   0.058
 862  -0.307
 863  -0.154
 864  -0.634
 865  -1.332
 866  -0.263
 867  -0.884
 868  -0.410
 869   0.769
 870  -0.060
 871   2.363
 872  -0.099
 873   1.152
 874   0.763
 875  -0.107
 876  -0.433
 877   0.747
 878   0.080
 879  -1.016
 880  -1.275
 881  -0.858
 882   0.164
 883  -0.284
 884  -1.729
 885   0.055
 886   0.473
 887   0.133
 888  -0.416
 889   1.973
 890   0.746
 891   0.632
 892  -0.409
 893   0.609
 894   0.433
 895   0.439
 896   1.628
 897   0.638
 898   1.915
 899   0.460
 900   0.934
 901   0.777
 902  -1.276
 903  -0.086
 904   0.253
 905  -1.633
 906   2.318
 907  -1.951
 908  -0.294
 909  -1.138
 910   0.046
 911   1.859
 912  -1.091
 913   1.098
 914  -1.885
 915  -0.280
 916   0.419
 917  -0.545
 918  -0.303
 919  -0.909
 920  -1.805
 921   1.398
 922  -0.226
 923  -0.299
 924   0.299
 925   0.534
 926  -0.816
 927  -0.786
 928   1.052
 929   0.168
 930   1.422
 931   0.343
 932  -0.763
 933   0.369
 934  -2.155
 935  -0.142
 936   0.160
 937   0.255
 938  -0.768
 939  -1.286
 940   0.496
 941  -1.629
 942   0.368
 943  -0.693
 944  -0.123
 945  -0.100
 946   0.770
 947  -0.960
 948   0.249
 949   0.452
 950  -0.177
 951   0.758
 952   0.245
 953  -0.012
 954   0.362
 955  -1.429
 956   0.660
 957  -0.918
 958   0.586
 959   0.323
 960  -0.194
 961  -0.534
 962   0.259
 963  -0.456
 964  -0.217
 965  -0.821
 966   0.606
 967  -1.231
 968  -0.004
 969   0.365
 970  -0.599
 971  -1.435
 972   0.105
 973  -0.498
 974   0.058
 975   2.532
 976  -0.302
 977  -1.211
 978   0.995
 979  -0.337
 980   2.045
 981   1.373
 982  -0.853
 983  -0.872
 984  -0.030
 985   0.100
 986  -1.913
 987  -0.623
 988  -0.106
 989   0.443
 990  -0.662
 991   0.820
 992   0.359
 993   0.545
 994  -1.458
 995   0.531
 996  -1.214
 997   0.923
 998  -1.403
 999  -0.125
1000   0.458
1001  -1.450
1002  -0.009
1003   0.948
1004  -0.077
1005  -1.490
1006   0.090
1007  -0.918
1008  -0.942
1009  -0.075
1010  -0.098
1011   0.116
1012   0.608
1013  -0.887
1014   0.075
1015   0.644
1016  -1.049
1017   1.206
1018  -1.708
1019   1.140
1020   0.550
1021  -1.109
1022   0.387
1023  -0.569
1024  -1.147
1025   1.517
1026  -0.904
1027  -0.816
1028   1.826
1029  -0.965
1030  -0.176
1031   0.073
1032  -0.515
1033   1.545
1034  -1.503
1035  -0.177
1036  -1.292
1037   0.144
1038  -1.392
1039  -0.698
1040   0.125
1041   0.212
1042   0.867
1043  -0.167
1044  -0.120
1045   0.209
1046   0.380
1047  -0.164
1048  -0.507
1049  -0.435
1050   0.964
1051  -1.530
1052  -0.020
1053   0.602
1054   0.050
1055  -1.025
1056  -1.728
1057  -0.389
1058   0.215
1059  -0.637
1060  -1.416
1061  -0.659
1062  -1.441
1063  -0.268
1064   0.112
1065   0.734
1066   0.821
1067  -0.132
1068   0.073
1069   0.896
1070  -0.796
1071   1.101
1072  -0.712
1073   0.782
1074  -0.325
1075  -0.507
1076  -1.963
1077   0.653
1078   0.031
1079   1.541
1080  -0.880
1081  -0.474
1082   1.205
1083   0.169
1084   0.439
1085  -0.429
1086   0.853
1087  -1.134
1088  -0.614
1089   0.249
1090   0.922
1091   1.152
1092  -1.283
1093  -0.849
1094   1.193
1095  -0.135
1096   0.234
1097   1.373
1098  -0.914
1099  -0.175
1100   0.003
1101  -0.457
1102  -0.528
1103  -0.867
1104   1.051
1105  -2.071
1106  -0.486
1107   1.044
1108   0.266
1109   0.321
1110  -0.784
1111   0.125
1112   0.745
1113  -0.003
1114  -0.068
1115  -1.512
1116   0.490
1117  -0.313
1118  -0.239
1119   2.420
1120  -0.879
1121   0.798
1122  -0.936
1123   0.195
1124   0.200
1125  -1.131
1126  -0.372
1127  -1.156
1128   0.332
1129   0.050
1130  -2.871
1131  -0.007
1132  -0.366
1133  -0.692
1134   0.259
1135  -0.447
1136  -1.261
1137  -0.701
1138   0.206
1139  -1.067
1140   1.072
1141  -1.366
1142   1.340
1143   0.918
1144  -0.848
1145  -0.023
1146  -0.889
1147   1.149
1148   0.892
1149  -0.530
1150   0.415
1151   0.593
1152   0.723
1153   0.549
1154  -1.130
1155   0.318
1156  -0.153
1157  -0.886
1158  -0.872
1159  -0.772
1160  -0.238
1161  -0.942
1162   1.667
1163  -0.543
1164   0.539
1165   0.544
1166   0.192
1167  -0.493
1168   0.456
1169   0.191
1170   2.079
1171  -0.890
1172  -0.230
1173   0.505
1174  -1.031
1175   0.178
1176   0.352
1177   2.205
1178  -1.618
1179   0.991
1180  -0.288
1181  -1.124
1182  -1.178
1183   0.919
1184  -0.321
1185  -2.029
1186  -1.245
1187   0.602
1188   1.639
1189  -1.528
1190   0.817
1191   1.402
1192   0.358
1193  -0.938
1194  -1.082
1195  -1.120
1196  -0.982
1197  -0.922
1198  -1.314
1199  -0.052
1200  -0.689
1201  -0.149
1202   0.350
1203   0.113
1204   0.595
1205   1.336
1206   0.906
1207   0.428
1208   1.523
1209  -0.403
1210   1.122
1211   0.720
1212   1.779
1213   0.042
1214   0.306
1215   1.026
1216  -0.280
1217   1.698
1218   0.117
1219   1.853
1220  -0.750
1221  -0.935
1222   1.628
1223   1.898
1224  -1.250
1225   1.307
1226   0.291
1227   0.266
1228   0.379
1229  -0.936
1230  -0.853
1231   1.423
1232  -1.051
1233   0.626
1234   0.596
1235  -0.476
1236  -0.707
1237   0.696
1238   0.685
1239   1.303
1240   0.924
1241   1.164
1242   0.752
1243   2.161
1244  -0.344
1245  -1.245
1246  -0.286
1247   0.480
1248  -0.305
1249  -0.326
1250  -0.507
1251  -0.027
1252   1.018
1253   0.997
1254   1.545
1255   0.810
1256   0.080
1257   1.092
