Daily XOM return data in percent from January 3, 2012 to December 30, 2016
    1.46  
    0.02
   -0.30
   -0.75
    0.45
    0.26
   -0.75
   -0.40
    0.17
    0.95
    0.89
    0.67
    0.53
   -0.02
   -0.33
    0.05
   -0.52
   -1.08
   -0.40
   -2.05
    0.27
   -0.52
    1.66
    0.98
    0.69
   -1.18
   -0.52
   -1.27
    0.74
    0.30
   -0.65
    1.53
    0.25
    1.11
    0.40
    0.12
    0.37
   -0.13
   -0.10
   -0.73
    0.38
   -0.58
    0.79
   -1.32
   -0.03
   -1.17
   -0.62
    1.48
    1.53
   -0.97
    0.08
    0.41
    0.64
   -0.45
   -0.68
   -0.79
    0.26
    1.73
   -0.47
   -0.88
    0.26
    0.76
    0.39
   -1.42
   -0.99
   -0.19
   -1.11
   -2.04
    0.65
    1.09
   -0.78
    1.28
    1.71
    0.35
   -0.55
    0.02
    0.46
    0.72
    0.63
   -0.90
    0.01
    0.30
    0.81
   -0.97
   -0.64
   -1.26
   -0.11
   -0.54
   -0.85
   -0.56
    0.31
   -1.18
   -0.40
    0.46
   -0.32
   -0.54
    0.70
   -0.11
    0.11
    0.69
   -0.64
   -0.18
   -2.61
   -1.45
   -0.90
   -0.12
   -0.30
    3.32
    0.64
    0.19
   -0.71
    1.23
   -0.78
    1.86
    1.33
   -0.13
    1.65
    0.58
   -3.37
    0.001
   -1.06
    1.43
    0.97
   -0.12
    2.97
   -0.27
    1.10
   -0.82
   -0.90
   -1.36
   -0.65
    1.53
   -0.31
    1.60
   -0.49
    0.80
    0.56
    0.001
   -0.30
   -0.86
   -0.74
    0.78
    1.50
    1.07
    0.13
   -0.81
    0.07
   -1.19
    1.94
   -0.11
    0.54
    0.41
   -0.09
    0.27
   -0.34
    0.07
   -0.23
    0.76
   -0.30
   -0.51
   -0.56
    0.31
   -0.48
    0.85
   -0.35
    0.41
   -0.23
   -0.80
    0.11
   -0.21
    0.24
    1.90
    1.05
   -0.49
    0.16
   -0.08
    1.88
    1.17
   -0.42
   -0.28
   -1.18
    1.05
    0.44
   -0.04
   -0.15
   -0.56
    0.62
   -0.38
    0.38
   -0.09
   -0.02
    0.57
    0.36
    0.14
   -0.59
   -1.19
    0.15
   -0.15
    0.53
    0.95
    1.09
    0.10
   -1.42
    0.04
   -2.18
   -0.33
    0.61
    0.21
    0.61
    0.47
   -1.45
    0.40
    1.08
   -3.74
   -1.26
    0.16
    0.13
   -0.97
   -0.46
    0.08
    0.36
    1.41
   -0.19
    0.58
    1.23
   -0.53
   -1.43
    0.86
    0.02
    0.02
   -0.60
   -0.48
    0.62
    0.31
    0.68
   -0.21
    0.66
    0.52
   -0.97
   -0.56
    0.90
    0.78
   -1.25
    0.51
   -1.87
   -0.36
    0.17
   -0.24
   -2.03
    1.70
    2.50
   -0.18
    0.46
   -1.16
    0.63
   -0.38
    1.09
    0.57
   -0.03
   -0.06
   -0.07
    0.82
    0.67
    0.13
   -0.24
    0.72
    0.42
   -0.68
    0.71
   -1.19
   -0.77
    0.08
   -0.99
    0.66
    0.06
   -1.72
    0.41
   -0.37
    0.20
    0.24
   -0.17
   -0.18
    1.09
   -0.39
   -0.43
    0.69
   -1.68
    0.92
    1.15
    0.02
   -0.13
   -0.54
    0.74
   -0.06
   -0.95
    0.29
    0.21
    0.001
    0.11
    0.64
   -0.51
   -0.67
   -0.21
    0.06
   -0.52
    1.27
   -0.30
    1.25
    0.50
   -0.52
    0.73
   -0.21
   -0.72
   -0.18
   -0.85
   -0.46
    0.19
   -0.10
    0.61
   -0.26
   -2.81
    0.14
   -0.61
    0.63
    0.96
    0.73
    1.37
    0.15
   -1.52
   -0.08
    0.24
    0.88
   -1.66
    1.28
    1.57
    0.62
    0.63
    0.60
   -0.73
   -0.98
   -0.04
    1.12
    0.14
   -0.59
    1.17
    0.83
    0.30
   -0.66
   -0.43
   -0.28
    0.93
   -0.32
    0.01
   -1.76
    1.09
   -0.73
   -1.26
    0.65
    1.35
   -0.36
   -0.72
   -0.80
    1.77
   -0.82
    1.03
    0.46
   -1.01
   -2.14
    0.48
   -1.12
    0.71
    0.77
    0.27
    0.34
   -0.06
    0.38
    0.06
    0.97
    0.74
    1.18
   -0.56
    0.48
    0.14
   -0.16
    0.05
    0.17
    0.98
    0.84
   -0.36
    0.39
   -0.22
   -0.02
   -0.19
   -0.80
   -0.23
   -0.06
   -1.09
   -0.84
   -0.39
   -0.13
   -0.14
    0.48
   -1.15
   -0.91
   -0.55
   -0.50
   -0.89
   -0.28
   -1.13
   -0.10
   -0.47
    0.65
    0.62
   -0.49
   -0.31
    2.33
   -1.77
   -0.13
   -0.01
    0.70
   -0.47
   -0.11
    0.91
   -0.25
    1.16
   -0.97
    0.48
    0.31
    0.30
    0.72
   -0.33
   -0.69
   -1.03
   -0.44
   -0.25
   -0.08
   -0.20
   -0.99
   -0.05
    0.09
   -0.67
    0.96
   -0.49
   -0.45
   -0.41
    1.03
    1.06
    0.75
   -0.92
    0.60
    0.19
    0.08
   -0.37
    0.86
   -0.42
    0.92
   -0.51
    0.30
    0.79
   -0.13
    0.91
    0.22
    2.54
   -0.12
    1.34
   -1.35
    0.84
    0.25
   -0.31
   -0.09
    0.68
    2.20
    0.19
   -0.03
   -0.78
    0.01
    0.34
    0.08
   -0.86
   -0.50
   -0.34
    0.04
    0.93
    0.30
   -0.57
    1.61
    0.20
   -0.14
   -1.51
    1.17
   -0.05
    2.00
   -0.48
    2.88
   -0.11
   -0.75
   -0.17
    0.72
    1.69
    0.60
   -1.18
    0.89
   -1.43
   -0.24
    0.15
    1.41
   -0.33
   -0.97
    0.76
   -1.96
    0.58
   -0.34
    0.16
    0.22
   -0.67
   -0.63
   -0.93
   -2.19
    0.07
    0.77
   -0.56
   -1.18
   -1.95
   -2.29
   -0.03
   -0.49
    0.25
    0.87
   -1.17
    1.47
    0.26
    0.38
    2.93
   -0.04
   -0.13
    1.51
   -0.36
    1.48
   -0.13
   -0.54
    0.05
    0.45
   -0.80
    1.07
   -2.82
   -0.04
    1.31
    0.54
   -1.56
    0.21
   -0.61
   -0.18
    0.91
    0.41
   -1.03
    0.91
   -0.29
    0.35
    0.29
   -0.22
    1.63
    1.52
   -0.02
    0.05
    0.23
   -0.02
   -0.58
   -0.60
    0.69
   -0.12
   -0.57
   -0.06
    1.18
    0.84
    1.28
    0.48
    0.51
   -0.55
    0.13
   -0.49
    0.40
    0.76
    0.28
    0.95
   -0.98
    0.59
    0.88
   -0.23
    0.43
   -0.77
   -0.36
    0.27
    0.13
   -0.07
   -1.48
   -0.04
    0.13
   -0.20
    1.35
   -0.52
   -0.18
    0.04
   -0.30
    0.21
   -0.73
   -0.59
    0.45
   -0.35
    0.51
    1.04
   -0.08
   -0.06
    0.48
   -0.28
    0.97
    0.26
   -0.49
    0.30
   -0.10
    1.17
    0.53
   -1.58
   -0.57
   -0.11
   -0.80
   -0.52
    0.68
    0.21
    1.00
    0.06
    0.18
    0.70
   -0.95
   -0.81
    0.92
   -0.28
    1.35
   -1.41
    0.41
    0.34
    0.45
    0.69
    0.03
   -1.05
    1.15
   -0.79
   -0.29
   -4.17
   -0.14
    1.35
   -1.93
    0.79
   -0.72
    1.50
   -1.01
   -0.24
    0.61
    0.001
   -0.06
    0.49
   -0.03
    0.21
   -0.42
   -0.79
    0.25
    0.90
   -0.11
    0.04
   -0.11
   -0.98
    0.63
   -0.76
    0.92
   -1.50
   -0.39
   -0.60
    0.23
   -1.29
    0.53
    1.18
   -0.36
   -0.48
    0.53
   -0.60
   -0.53
   -0.22
   -1.64
    1.25
   -1.05
   -0.40
   -1.27
    0.47
    0.66
    0.64
   -1.22
    1.33
   -2.95
   -0.24
   -0.83
   -0.32
   -0.36
    0.42
    0.67
    0.61
    2.05
   -0.56
    1.05
    0.40
   -0.83
    1.48
   -0.54
   -0.15
    2.39
   -1.50
   -0.78
    0.58
    1.25
    0.34
   -0.32
    0.14
   -1.07
   -0.75
    0.45
    0.02
   -0.25
    0.78
    0.22
    1.03
   -1.13
   -0.98
   -0.32
   -4.17
    2.00
    1.99
    0.81
   -0.61
   -0.58
   -2.26
   -0.35
   -2.97
    0.60
   -2.91
    0.35
   -0.56
    3.02
    2.40
    2.72
   -0.33
    1.35
   -0.86
   -0.61
   -0.15
   -0.05
   -0.61
    0.41
   -2.74
   -0.53
    1.01
    1.66
   -0.14
   -1.92
   -0.37
   -0.29
   -0.87
    2.43
   -0.03
    0.86
    1.09
   -2.13
    0.96
   -0.88
   -3.30
   -0.42
   -0.18
    2.47
    2.98
   -0.86
    0.98
   -0.93
    0.07
   -0.60
   -0.45
    1.95
    1.08
   -0.34
   -2.19
   -1.73
    0.54
   -1.01
    0.46
    0.20
   -1.06
   -0.12
   -0.56
   -0.48
   -0.50
   -0.50
   -1.28
   -0.55
   -1.06
   -0.28
    0.24
   -0.42
    1.06
   -0.80
    2.37
   -1.93
    0.15
    1.05
   -1.07
    0.40
   -0.64
   -0.88
    2.45
   -0.74
   -0.64
   -0.19
    0.98
    0.73
   -1.97
    0.70
    1.08
   -0.26
    1.51
    1.67
   -0.40
   -0.91
    0.36
   -0.41
    0.67
    0.09
   -0.65
    0.05
    0.91
    0.08
   -0.57
    1.69
    0.29
   -0.56
   -0.47
   -0.67
    1.59
   -2.48
    0.28
   -0.53
    0.47
    0.44
   -0.57
    0.16
    0.16
    0.09
   -0.79
   -1.35
   -0.28
    0.001
    0.11
   -0.08
    0.01
   -0.22
   -0.86
    0.07
    0.68
   -0.32
    0.74
   -0.14
   -1.26
   -0.36
    1.15
    0.06
    0.89
   -0.32
   -0.05
   -0.12
   -0.46
   -0.89
   -0.08
   -1.24
    0.46
   -1.00
    0.93
   -0.73
    0.41
   -1.09
   -0.45
    0.76
    0.24
    0.84
   -0.42
    0.18
   -0.36
   -1.03
   -0.12
    0.16
   -0.79
   -1.48
   -0.85
    4.06
    0.80
   -0.16
   -4.58
   -1.45
   -1.14
    0.001
    1.19
   -1.61
    2.50
   -1.60
    1.68
   -0.18
   -0.37
    0.52
   -1.10
   -2.14
   -2.18
   -3.27
   -4.73
   -0.01
    5.52
    3.24
    0.29
    0.23
   -4.20
    1.60
    0.76
   -1.80
    1.44
   -2.04
    0.72
    0.23
   -0.28
    0.51
    1.98
    0.22
   -2.39
    0.98
   -0.89
   -0.60
    0.59
    0.69
   -0.86
    0.51
    1.89
   -0.39
    2.46
    1.23
    1.41
    1.68
    1.05
   -0.96
    0.05
   -0.18
    1.26
    1.65
    1.23
   -1.81
   -0.20
   -0.77
    3.34
    0.11
   -2.12
   -0.16
    1.47
   -0.06
    0.62
    3.07
    1.84
   -1.00
   -1.36
   -0.40
   -2.98
    0.49
   -0.89
   -2.71
   -1.65
    3.59
   -1.16
    0.98
   -0.54
   -0.64
    0.61
    1.99
   -0.77
   -0.02
    0.53
    0.28
   -2.86
   -1.43
    0.57
   -2.61
   -2.83
    1.34
    0.08
   -1.78
    2.27
    4.47
   -0.35
   -1.50
   -0.87
   -0.03
    0.50
    3.27
   -1.07
   -0.74
    0.53
   -1.33
   -0.20
   -0.63
    0.85
   -0.83
   -1.60
   -2.02
   -1.34
    2.05
    0.60
    4.59
   -1.95
   -1.52
   -4.21
    1.26
    3.33
   -3.38
    3.68
   -1.84
    2.26
    1.12
   -2.00
   -2.23
    5.22
    1.72
    0.31
    1.35
   -1.33
   -0.91
    0.32
    1.80
    0.23
    0.96
    0.55
    0.06
   -0.13
   -1.41
    0.36
    0.60
   -0.32
   -1.96
    1.41
    1.75
   -0.36
   -0.13
    2.64
   -2.17
   -0.28
   -0.27
    0.01
    0.27
    0.50
    0.06
    1.48
    0.12
   -0.69
    0.60
   -0.44
    0.27
    0.29
    0.37
   -0.01
   -1.10
   -0.75
    0.24
   -1.14
    1.34
   -1.13
    1.02
    0.13
    1.24
    0.57
    0.71
   -0.54
    0.95
    0.50
    0.68
   -0.01
    0.85
   -0.23
    0.34
    0.95
   -0.49
    0.42
    0.83
   -1.14
   -0.19
    0.11
    0.53
    0.07
    1.60
   -1.31
    0.97
   -1.13
    1.03
   -0.04
   -0.20
    0.85
   -0.41
   -0.16
    0.08
    0.66
   -0.51
    0.23
   -1.10
    0.25
   -0.80
   -0.18
    1.10
    1.53
    0.09
   -0.13
   -0.76
    0.68
   -0.18
   -0.30
    1.18
   -0.55
    0.44
    0.45
   -0.39
    0.69
   -2.63
   -0.59
    2.31
    1.70
    1.38
    0.11
   -0.87
    1.15
   -1.20
    0.62
    0.37
    1.13
   -0.07
    0.07
    0.18
   -0.32
   -0.37
   -0.57
   -0.09
    0.17
   -1.93
   -0.73
   -0.68
   -0.78
   -1.39
   -3.47
    1.37
    0.52
   -0.01
    0.09
    1.18
    0.12
   -2.58
    0.36
    1.30
   -0.05
    0.13
    0.22
    0.91
   -1.25
    0.22
   -0.31
    0.34
   -0.64
   -0.22
    0.65
   -0.36
   -0.43
   -0.34
    0.67
    1.32
   -0.37
    0.92
   -2.48
    0.52
   -2.38
   -0.72
    0.57
   -1.23
   -0.24
   -1.54
    0.92
    0.29
   -0.11
   -0.47
    0.22
    4.40
   -0.51
    0.95
   -0.26
   -0.92
    0.87
    0.05
   -0.34
    1.96
   -0.79
   -0.70
   -0.65
   -0.02
    0.001
    0.27
    0.46
    0.05
   -0.68
    0.33
   -0.22
    0.43
   -0.20
   -2.46
   -1.72
    0.40
   -0.24
    0.25
   -0.11
    2.25
   -0.16
    1.10
    0.93
   -1.59
   -0.46
    1.81
   -1.23
   -0.61
    0.06
    1.42
    0.22
    0.28
    0.23
   -0.75
   -0.66
    1.63
   -0.07
   -0.23
    0.51
    0.09
    0.58
    0.28
    0.77
    2.22
    1.76
   -2.16
    0.34
    0.32
   -0.83
    0.01
   -0.17
    0.65
   -0.18
    0.04
   -0.50
    0.06
   -0.10
